AND: DatabasePokerHand { cards_id: "24,36", histogram: Some([0, 1, 3, 1, 5, 4, 4, 12, 0, 2, 6, 0, 2, 1, 1, 1, 1, 3, 4, 4, 4, 7, 3, 4, 1, 2, 3, 4, 6, 0]), token: None }


169
1286792
55190538
2428287420

    2 3 4 5 6 7 8 9 T J Q K A
2   4 1 1 1 1 1 2 2 2 4 4 4 6
3   1 6 1 1 1 1 2 2 3 4 4 6 6
4   1 1 6 1 1 2 2 2 3 4 4 6 6
5   1 1 1 6 3 3 3 3 3 4 4 6 6
6   1 1 1 1 7 3 3 3 3 4 5 6 6
7   1 1 1 2 3 7 3 3 5 5 5 6 7
8   1 1 2 2 3 3 8 3 5 5 5 6 7
9   2 2 2 2 3 3 3 8 5 5 5 7 7
T   2 2 2 2 3 3 3 5 8 5 7 7 7
J   2 2 4 4 4 4 5 5 5 8 7 7 7
Q   4 4 4 4 4 4 5 5 5 5 8 7 7
K   4 4 4 6 6 6 6 6 7 7 7 8 7
A   6 6 6 6 6 6 6 7 7 7 7 7 8

x: suited
y: unsuited
